ID: 10373
latitude: 34.74954458019702
longitude: -92.32063891743086
name: University of Arkansas for Medical Sciences
