ID: 10326
Latitude: 37.315031870373815
LongName: Southeast Missouri State University
Longitude: -89.52802234434493
