ID: 10374
latitude: 37.315031870373815
longitude: -89.52802234434493
name: Southeast Missouri State University
