ID: 10379
latitude: 36.0686201021275
longitude: -94.1758126974506
name: University of Arkansas
