ID: 10331
Latitude: 36.0686201021275
LongName: University of Arkansas
Longitude: -94.1758126974506
