ID: 10381
latitude: 35.843146959474225
longitude: -90.67560992059596
name: Arkansas State University
