ID: 10333
Latitude: 35.843146959474225
LongName: Arkansas State University
Longitude: -90.67560992059596
