ID: 10334
Latitude: 38.416395122763326
LongName: KanREN
Longitude: -96.17927150198692
