ID: 10382
latitude: 38.416395122763326
longitude: -96.17927150198692
name: KanREN
