ID: 10349
LongName: InternetJacksonville
Description: Backbone location of Internet2 at the Jacksonville POP
Latitude: 30.258591018943438
Longitude: -81.6107849195673
