ID: 10349
LongName: InternetFlorida
Description: Backbone location of Internet2 at the Florida POP
Latitude: 30.258591018943438
Longitude: -81.6107849195673
