ID: 10321
Latitude: 38.95456914692783
LongName: University of Kansas
Longitude: -95.25580683080793
