ID: 10369
latitude: 38.95456914692783
longitude: -95.25580683080793
name: University of Kansas
