ID: 10370
latitude: 36.051059306157484
longitude: -95.95360712903401
name: Oral Roberts University
