ID: 10322
Latitude: 36.051059306157484
LongName: Oral Roberts University
Longitude: -95.95360712903401
