ID: 10262
LongName: InternetBoise
Description: Backbone location of Internet2 at the Boise POP
Latitude: 43.6140541897732
Longitude: -116.21071619444785
