ID: 10350
LongName: Internet2 Boise
Description: Backbone location of Internet2 at the Boise Point of Presence
Latitude: 43.6140541897732
Longitude: -116.21071619444785
