ID: 10356
LongName: Internet2 Denver
Description: Backbone location of Internet2 at the Denver Point of Presence
Latitude: 39.74582707084923
Longitude: -104.97949077328207
