ID: 10372
latitude: 36.12722289343262
longitude: -97.07367928670455
name: Oklahoma State University
