ID: 10324
Latitude: 36.12722289343262
LongName: Oklahoma State University
Longitude: -97.07367928670455
