ID: 10371
latitude: 44.31931433210406
longitude: -96.78355038831918
name: South Dakota State University
