ID: 10323
Latitude: 44.31931433210406
LongName: South Dakota State University
Longitude: -96.78355038831918
