ID: 10334
Latitude: 38.41626062326386
LongName: Emporia State University
Longitude: -96.17925004470031
