ID: 10367
latitude: 42.788458950069916
longitude: -96.92537028836695
name: University of South Dakota
