ID: 10319
Latitude: 42.788458950069916
LongName: University of South Dakota
Longitude: -96.92537028836695
