ID: 10378
latitude: 44.01268192341067
longitude: -97.11035107297302
name: Dakota State University
