ID: 10330
Latitude: 44.01268192341067
LongName: Dakota State University
Longitude: -97.11035107297302
