ID: 10327
Latitude: 44.07438180341191
LongName: South Dakota School of Mines and Technology
Longitude: -103.20595245949066
