ID: 10375
latitude: 44.07438180341191
longitude: -103.20595245949066
name: South Dakota School of Mines and Technology
