ID: 10368
latitude: 39.19756008319545
longitude: -96.58472490196472
name: Kansas State University
