ID: 10320
Latitude: 39.19756008319545
LongName: Kansas State University
Longitude: -96.58472490196472
