ID: 10354
Latitude: 34.74954458019702
LongName: University of Arkansas for Medical Sciences
Longitude: -92.32063891743086
