ID: 10354
Latitude: 34.74954458019702
LongName: Cameron University
Longitude: -92.32063891743086
