ID: 10349
Latitude: 40.62305169886312
LongName: Doane University
Longitude: -96.95095627334094
