ID: 10328
Latitude: 35.94624880950671
LongName: Langston University
Longitude: -97.26299283274462
