ID: 10376
latitude: 35.94624880950671
longitude: -97.26299283274462
name: Langston University
