ID: 10332
Latitude: 37.71864516654194
LongName: Wichita State University
Longitude: -97.29411994426366
