ID: 10380
latitude: 37.71864516654194
longitude: -97.29411994426366
name: Wichita State University
