AddressLine1: 100 Bigelow Street,
City: Holyoke
State: MA
Country: United States
ID: 10347
Latitude: 42.20268901460256
Longitude: -72.60739765767043
Zipcode: 01040
