ID: 10349
LongName: InternetCincinnati
Description: Backbone location of Internet2 at the Cincinnati POP
Latitude: 39.10268252066838
Longitude: -84.50302745925939
