ID: 10377
latitude: 41.26571336798941
longitude: -95.9463325580878
name: Creighton University
