ID: 10329
Latitude: 41.26571336798941
LongName: Creighton University
Longitude: -95.9463325580878
