ID: 10343
Latitude: 37.95371623950301
LongName: Missouri University of Science & Technology 
Longitude: -91.77556272925655
